1
280
2
171
172
170
169
168
101
100
98
97
94
79
84
87
116
114
115
117
118
57
44
58
59
63
64
66
65
85
88
82
81
109
108
104
105
107
173
106
110
111
112
113
62
61
60
42
43
41
40
35
38
37
50
51
52
49
48
45
56
55
47
53
54
46
68
67
71
72
73
74
76
75
77
78
95
96
103
102
92
91
90
89
80
93
99
166
165
164
163
162
183
182
180
181
176
151
177
178
150
156
153
155
154
124
125
32
31
33
29
126
127
128
129
131
133
132
20
130
21
123
122
120
121
158
157
175
160
161
174
159
119
220
221
218
215
213
211
210
207
206
208
255
252
256
257
209
253
254
258
261
273
274
272
271
16
135
134
270
269
268
136
137
266
265
140
141
148
149
139
138
267
223
222
219
217
216
214
212
231
246
239
240
245
244
242
243
241
251
250
247
230
228
229
226
227
234
233
237
232
236
235
225
224
6
5
7
8
9
10
12
13
14
15
24
23
27
28
22
25
26
18
19
17
203
204
205
200
202
201
198
197
194
196
145
199
146
143
142
147
144
193
192
191
186
190
189
188
187
185
184
179
167
259
260
278
277
4
3
279
249
248
264
263
262
275
276
86
83
70
69
39
36
34
30
152
238
11
195
1
