1
171
84
169
181
253
82
71
57
274
192
52
25
213
275
170
161
54
108
98
248
150
158
18
4
111
30
207
250
244
173
162
271
124
129
223
270
89
125
128
152
88
9
105
80
65
237
242
12
49
136
8
119
70
68
216
32
179
23
39
43
234
257
258
200
31
93
38
140
194
142
240
251
45
214
79
239
220
204
99
92
97
40
178
155
280
100
149
268
255
261
230
225
197
190
29
81
273
135
256
137
206
177
16
266
101
59
209
72
134
20
19
131
41
83
60
269
121
33
104
114
232
215
205
156
264
6
175
94
69
210
277
139
238
153
67
46
208
222
217
201
113
163
265
228
86
10
185
96
235
241
187
279
267
145
15
42
148
141
231
3
138
245
198
229
278
120
219
182
47
123
246
224
247
95
103
48
211
35
172
117
236
64
11
5
118
74
112
102
157
132
174
110
151
51
263
130
77
66
188
75
91
87
143
115
109
193
166
21
53
254
259
233
122
202
76
260
58
28
27
147
164
2
22
55
61
133
116
62
144
226
17
160
218
159
107
165
63
191
126
7
227
212
186
34
127
146
203
262
37
44
180
221
276
78
196
168
167
199
249
243
13
14
24
26
50
85
73
90
106
183
184
154
56
176
189
195
272
36
252
1
