233
98
97
208
5
63
19
22
78
224
314
325
47
183
214
334
336
32
110
102
34
14
249
39
21
69
305
10
83
207
210
173
337
4
3
260
319
50
329
164
176
146
24
53
61
96
168
213
251
273
277
18
64
226
241
275
192
26
182
16
258
262
29
95
272
279
46
116
300
306
42
191
103
323
152
265
35
351
87
27
17
58
28
282
189
198
302
206
204
248
298
230
276
342
123
120
181
316
20
328
92
238
268
318
93
269
99
165
223
197
82
292
287
288
291
313
44
76
196
347
66
355
60
245
107
172
259
184
335
30
171
51
131
253
9
166
333
285
106
52
151
349
170
72
307
59
121
115
270
290
133
310
271
85
38
322
149
68
297
70
84
33
55
40
91
137
180
211
36
118
315
321
356
200
201
88
74
101
353
86
350
48
11
15
284
6
81
246
56
145
25
113
12
304
341
71
37
242
41
205
45
7
23
209
357
49
67
111
109
139
140
8
280
354
130
143
346
141
160
215
250
62
193
332
117
119
188
13
125
79
295
2
75
212
243
31
100
257
199
247
261
326
126
202
127
73
327
147
94
244
330
308
54
185
57
283
156
317
343
264
138
338
256
309
90
289
344
134
263
136
65
132
43
105
345
142
324
266
278
89
112
274
150
281
296
301
340
311
195
293
128
303
216
294
129
236
237
167
169
320
348
312
352
331
135
0
1
124
148
104
114
228
267
229
231
232
144
153
218
174
175
177
161
162
163
157
158
108
299
227
217
219
220
225
194
203
339
179
186
187
190
222
255
221
254
252
240
239
235
154
155
178
77
80
286
159
122
234
233
