0
61
224
131
319
80
105
199
89
51
46
34
126
213
47
192
205
112
70
200
59
266
15
271
43
29
21
320
26
23
150
133
146
84
32
190
113
236
97
72
50
305
123
24
62
125
279
168
69
10
185
183
114
231
31
65
221
83
187
170
86
118
107
18
215
27
22
214
110
67
303
115
77
53
211
267
153
263
285
262
119
104
161
124
6
54
313
309
117
259
264
76
233
147
226
225
251
258
73
58
128
232
268
40
2
155
152
1
111
57
143
87
165
166
116
295
102
101
210
209
237
55
42
7
296
38
154
300
41
294
282
202
14
235
137
91
322
11
88
98
308
156
208
175
44
100
158
78
172
198
68
159
240
291
216
52
108
106
314
273
318
276
92
35
90
227
206
94
260
288
95
257
60
160
241
139
136
169
37
19
5
177
120
121
157
191
96
239
99
134
3
129
283
122
16
85
250
56
287
275
151
297
33
148
286
298
173
82
223
218
254
207
141
193
63
261
28
195
280
144
201
181
20
138
312
17
230
219
274
306
103
189
292
132
317
316
265
145
302
301
217
196
180
290
142
197
71
48
242
299
311
188
64
284
269
109
234
45
174
162
163
212
246
171
228
278
289
253
178
75
9
30
79
243
293
256
127
229
255
93
135
220
12
140
249
277
179
13
307
182
81
186
304
164
176
315
203
167
281
248
252
238
149
25
244
270
66
245
36
247
49
310
272
4
321
222
204
194
184
130
74
39
8
0
