203
339
191
103
258
262
29
79
272
279
46
95
300
306
42
192
26
182
16
207
210
173
337
4
3
260
319
50
329
164
176
116
323
18
55
181
316
20
97
208
5
63
19
22
78
98
104
114
124
148
135
39
21
69
305
10
83
40
91
137
180
87
27
226
241
275
198
302
206
204
248
314
325
47
146
334
336
32
110
102
34
14
249
0
1
13
125
183
214
351
82
184
265
35
288
291
313
99
165
223
197
211
36
118
292
287
298
230
276
342
123
120
304
341
71
37
242
41
205
45
7
15
284
6
81
246
56
145
25
113
12
350
48
11
2
209
357
49
67
315
321
245
9
166
333
285
106
51
131
253
107
172
259
270
290
121
58
28
282
189
84
105
322
111
170
43
60
143
353
72
307
66
355
33
149
68
297
70
147
201
86
346
85
38
74
101
94
151
141
160
215
250
62
193
278
89
112
200
289
309
90
196
347
52
224
133
310
271
335
30
171
59
345
115
349
109
76
332
77
80
73
327
274
150
281
296
301
340
311
195
293
128
202
127
330
244
303
216
320
356
108
348
343
256
295
317
294
129
54
185
57
117
119
188
122
267
100
257
199
247
261
326
126
23
75
212
243
31
24
53
61
96
168
213
251
273
277
44
17
140
142
144
153
154
155
283
156
157
158
286
159
161
162
163
8
280
354
130
65
132
308
338
134
263
136
299
344
264
138
312
352
331
324
266
139
175
177
178
179
218
64
152
186
187
190
194
328
92
238
268
318
93
269
167
169
174
88
220
225
227
228
229
231
232
233
234
235
236
237
239
240
254
252
221
222
255
219
217
203
