0
39
305
40
134
82
253
132
171
314
220
250
12
283
347
288
186
107
94
77
42
248
194
67
214
37
28
251
264
341
62
231
328
24
225
294
120
190
297
99
254
318
272
52
148
166
263
282
200
136
85
269
86
165
321
337
300
169
348
292
10
27
213
139
106
137
59
44
226
142
109
334
177
150
299
228
71
325
211
91
178
265
207
222
316
224
45
25
215
338
16
35
18
164
218
260
55
233
78
97
208
201
266
43
38
221
303
274
129
75
209
256
160
268
156
60
329
95
203
73
280
36
29
6
15
284
246
81
205
306
336
147
92
275
192
103
229
309
61
237
355
105
130
349
101
161
152
79
34
9
5
3
245
159
121
285
167
145
113
317
174
56
58
243
158
149
323
302
281
324
241
311
290
153
65
168
239
69
21
257
162
133
1
13
83
140
110
304
122
267
212
124
63
326
96
217
26
343
313
66
14
88
123
258
227
315
223
252
335
84
32
31
255
184
146
219
196
98
127
19
53
4
125
116
76
198
232
197
339
204
191
46
172
143
119
202
354
273
51
131
310
175
307
262
332
181
20
22
182
180
47
331
117
114
193
179
173
64
48
308
54
185
230
206
351
80
279
327
216
163
7
356
141
187
176
319
261
242
210
183
104
188
333
289
17
118
270
195
126
293
235
199
296
108
259
301
340
189
276
33
30
50
342
138
244
23
287
157
115
291
240
170
144
234
57
135
330
100
111
87
72
249
277
70
238
247
93
2
89
352
312
320
49
357
68
102
90
151
8
41
112
295
344
154
322
350
128
11
74
286
278
236
298
155
353
271
346
345
0
