191
269
202
14
142
109
12
107
319
103
132
143
146
150
101
224
131
18
53
105
251
51
185
128
15
22
24
67
121
63
157
256
302
32
45
17
56
151
274
245
234
52
9
21
75
28
173
201
218
265
280
144
3
102
133
5
172
137
297
314
181
180
236
1
61
210
223
318
57
20
43
62
92
147
281
26
194
55
161
195
209
270
211
19
219
261
273
27
178
289
127
225
104
242
283
309
312
275
23
29
237
252
31
241
138
286
10
46
287
40
7
153
267
263
285
154
262
300
54
118
258
145
148
34
90
227
11
188
35
152
126
170
246
171
162
4
79
64
33
6
98
282
140
158
174
190
254
212
276
38
71
93
232
16
298
41
135
50
305
308
214
58
313
42
2
100
197
192
213
266
311
295
183
278
129
259
316
189
264
230
260
320
238
44
0
77
97
299
229
81
247
296
83
199
271
37
293
277
317
13
30
73
76
165
198
220
60
159
166
284
68
160
233
78
164
176
196
8
203
70
168
248
48
307
47
294
59
124
125
315
94
96
322
253
84
301
279
303
204
85
187
106
80
179
82
86
250
69
72
110
111
112
113
290
130
228
222
206
36
221
39
249
205
149
215
155
114
115
116
117
119
193
134
108
243
87
244
231
217
235
257
167
182
288
49
240
304
216
239
74
139
272
175
177
291
136
163
268
184
169
25
65
141
310
91
226
88
89
122
200
207
66
95
255
208
321
99
306
186
123
156
292
120
191
