0
355
214
192
94
150
384
383
34
295
332
215
6
24
54
33
376
68
43
84
317
169
10
225
65
223
354
200
224
307
143
401
115
66
74
73
160
3
47
112
2
61
327
77
156
390
109
289
373
267
357
328
370
322
350
387
203
297
206
30
245
301
351
83
171
63
198
166
67
114
62
13
205
315
331
323
52
119
309
213
28
183
17
12
64
15
44
106
359
187
242
117
361
347
352
141
392
120
173
168
135
270
302
89
36
78
226
325
385
199
338
85
35
343
202
233
380
204
137
188
299
259
162
48
358
46
174
185
290
88
353
341
81
22
271
395
152
76
379
91
362
235
121
218
145
147
50
56
329
294
293
102
394
393
129
257
87
240
219
32
274
281
105
19
18
178
100
98
90
72
398
396
272
278
266
99
389
306
216
342
71
182
57
283
8
319
164
25
388
348
58
277
263
130
320
285
282
107
386
217
9
308
260
210
248
279
201
118
381
177
209
41
365
111
369
176
31
344
336
292
159
20
149
51
49
37
220
197
349
29
268
228
122
21
133
287
265
326
258
161
148
154
207
45
400
110
189
372
356
262
261
190
138
377
127
324
144
345
304
5
264
238
229
92
146
212
136
236
227
14
96
79
69
113
82
247
222
250
251
151
101
366
321
310
305
296
314
59
252
371
116
367
75
186
53
86
11
172
26
239
70
244
80
23
124
269
167
298
291
170
284
95
55
374
363
132
243
180
165
286
60
39
360
375
191
313
7
230
382
131
221
300
184
4
142
163
126
27
337
312
153
364
303
333
211
181
346
254
399
246
231
288
249
335
108
125
273
42
104
378
128
255
256
175
158
1
316
330
280
234
276
208
232
140
103
157
339
253
402
275
334
368
97
391
196
123
318
134
397
340
193
40
155
195
241
93
237
179
38
16
311
139
194
0
