0
219
94
61
11
5
137
27
22
214
29
21
320
34
152
142
301
136
200
37
18
319
47
93
15
271
286
148
43
112
293
79
110
67
288
119
104
161
113
52
108
106
103
125
272
264
89
51
46
84
236
199
42
7
138
88
54
277
80
105
97
26
64
275
151
56
23
297
111
57
143
59
266
183
83
187
170
123
24
20
69
10
305
86
19
81
306
35
220
146
96
162
310
28
73
58
145
114
304
257
115
77
75
147
235
14
226
225
251
258
72
295
206
38
263
45
76
233
62
124
282
198
122
249
215
91
316
82
254
134
78
313
312
117
9
132
40
2
205
41
140
31
231
139
217
216
241
240
291
239
87
180
196
99
298
314
308
156
208
292
116
210
209
237
169
44
158
68
133
173
120
250
318
276
195
3
232
177
95
188
150
32
190
60
130
127
33
189
175
85
223
30
309
186
207
141
166
302
290
234
149
213
287
261
238
280
284
283
269
48
229
55
70
268
322
179
218
181
92
273
201
182
315
265
253
242
252
221
274
228
65
212
157
191
303
184
168
144
17
178
256
281
163
16
244
227
255
289
279
246
109
135
247
8
153
267
248
155
121
270
107
245
172
317
185
102
66
299
128
101
224
278
311
160
307
50
243
90
230
211
53
13
164
285
71
12
260
100
154
259
126
1
98
193
203
194
131
296
39
74
197
300
25
192
294
129
204
222
262
165
159
176
36
118
202
49
321
63
171
4
174
167
6
0
