0
94
123
165
379
209
175
180
324
58
339
271
252
361
279
287
46
222
331
15
372
367
211
201
371
67
369
164
253
27
246
322
265
146
278
315
188
147
319
340
365
90
388
282
115
64
96
374
394
156
75
334
83
387
289
245
213
250
244
23
392
57
216
195
48
110
60
349
114
166
81
299
215
262
86
330
82
109
112
43
79
312
226
16
350
238
293
332
45
144
137
258
119
373
235
355
251
386
111
194
181
300
370
192
186
49
61
286
204
7
54
320
102
76
13
18
25
98
333
59
232
308
78
197
177
214
364
348
173
133
38
338
239
28
304
84
103
32
33
148
200
130
153
210
138
285
151
5
56
89
42
128
378
107
346
101
152
347
131
80
127
376
243
325
292
357
139
73
225
206
395
40
72
234
291
280
41
354
402
12
283
366
65
396
160
176
261
399
272
172
237
267
3
55
171
95
221
390
380
117
269
249
34
190
326
360
264
298
44
97
236
155
157
30
198
288
223
362
313
227
85
77
219
10
17
36
134
26
184
183
305
63
274
1
381
158
353
276
255
242
142
263
233
224
129
47
240
306
8
122
229
125
167
296
104
335
208
270
302
187
307
301
179
273
37
2
247
297
191
241
66
174
385
20
321
51
24
268
140
383
341
375
143
196
277
105
100
281
363
328
317
294
11
337
178
113
31
310
218
22
311
295
53
323
217
205
397
266
359
71
391
52
162
220
185
145
382
168
398
303
132
141
193
290
50
260
108
318
352
368
248
116
389
14
106
199
309
400
39
91
254
29
68
329
401
256
121
345
189
202
336
159
19
88
6
314
149
343
4
284
69
356
316
384
135
150
124
21
393
182
62
92
74
99
230
203
257
126
207
327
169
228
118
275
358
120
35
70
259
344
170
161
351
154
377
212
163
136
87
93
342
231
9
0
