1
280
139
148
140
141
138
149
147
142
266
204
143
205
146
203
206
265
150
214
145
264
144
207
211
257
181
251
199
267
212
217
178
137
202
180
208
179
252
215
198
218
153
111
200
210
258
270
158
119
253
152
182
176
161
151
263
239
255
184
254
262
11
15
13
14
271
201
157
135
160
229
183
268
269
156
197
175
261
272
213
227
136
174
101
247
209
107
260
196
220
186
16
18
25
22
26
29
32
31
124
154
195
216
2
3
4
277
221
122
193
56
59
63
64
66
67
70
74
75
76
77
83
88
87
84
82
79
78
89
94
93
98
95
97
96
90
91
109
163
228
177
185
159
168
42
41
60
58
44
55
48
49
50
51
45
47
53
52
54
46
40
36
38
39
35
37
34
33
126
278
172
155
241
194
275
249
259
120
235
134
187
192
17
19
132
170
188
123
276
173
121
234
189
191
273
28
127
105
129
133
219
233
128
106
65
86
108
118
274
20
131
130
103
245
12
10
8
9
7
6
5
279
231
230
73
72
71
69
116
166
81
112
190
246
243
225
27
21
23
24
125
238
169
80
110
256
222
237
224
102
250
171
99
100
104
162
226
223
62
68
115
232
164
92
113
165
61
57
43
114
242
244
236
30
85
117
240
248
167
1
