0
266
152
310
214
18
134
288
53
115
189
106
165
62
36
110
71
128
120
392
351
83
285
105
391
390
174
185
293
176
31
52
401
6
366
292
329
294
257
77
156
210
335
98
222
342
297
87
73
301
345
173
344
65
279
99
389
178
138
337
252
371
357
358
350
248
348
343
183
94
238
347
39
158
339
187
58
277
263
32
274
272
28
393
367
75
259
91
29
170
284
290
126
55
21
131
4
291
289
201
89
155
143
147
175
395
172
26
224
240
219
47
79
69
363
362
111
369
313
7
116
360
96
338
23
225
85
394
14
230
382
212
166
300
218
349
309
221
67
66
74
319
132
243
54
42
245
220
197
295
160
15
361
146
381
314
44
373
355
305
37
13
205
315
302
118
400
43
34
12
246
308
5
213
278
122
40
341
244
80
198
159
20
234
228
377
150
203
336
321
379
133
209
356
2
61
107
386
271
327
33
376
68
233
324
320
90
385
199
306
354
200
398
235
121
88
353
352
125
273
370
328
46
136
171
63
57
86
11
135
270
161
148
154
124
1
168
180
359
239
117
144
164
3
374
151
101
312
35
190
100
375
191
280
49
215
262
261
283
8
216
346
304
260
217
84
281
64
365
194
380
204
129
255
332
296
207
45
162
48
325
50
56
378
184
267
104
384
92
51
298
119
93
145
265
275
258
242
70
81
22
322
317
24
397
192
114
241
112
19
372
41
236
227
402
287
163
25
82
247
286
60
254
223
311
10
383
9
153
387
331
323
141
316
226
250
364
303
181
333
30
186
169
27
282
188
299
72
202
177
157
269
167
249
38
108
256
399
253
140
59
76
113
276
268
16
264
109
326
330
149
206
232
123
307
139
368
251
95
340
137
130
102
78
182
229
193
195
97
237
179
334
231
17
211
127
318
103
396
388
142
196
208
0
