1
280
248
247
249
250
256
274
262
263
137
142
148
153
152
151
146
139
147
156
162
176
180
181
185
187
186
189
194
197
200
207
212
215
226
232
245
241
244
240
246
257
254
277
261
276
259
251
278
231
236
237
238
243
239
230
233
234
228
227
223
225
229
219
218
217
213
216
214
211
206
205
204
144
140
138
266
273
255
258
135
268
16
13
12
10
11
9
8
7
6
5
4
279
253
260
270
271
269
143
141
149
178
177
183
190
192
199
196
198
202
201
210
220
222
224
209
221
235
242
3
2
275
272
264
14
15
131
133
267
150
157
175
160
172
171
106
111
116
124
122
123
127
129
20
25
23
22
19
132
130
154
158
184
163
170
169
107
110
114
115
61
62
48
47
53
52
54
66
67
81
89
82
83
75
72
58
65
64
63
118
112
117
87
105
108
104
103
92
88
84
90
109
102
101
91
94
97
93
80
76
70
85
73
78
74
59
49
45
46
55
57
44
40
35
39
36
38
41
43
42
50
37
34
31
32
29
30
126
21
18
17
128
125
155
161
167
166
173
182
193
145
179
191
195
203
208
252
134
136
265
24
26
28
33
27
121
60
56
86
71
68
69
79
113
119
120
159
174
165
168
164
188
98
99
77
96
95
100
51
1
