134
270
269
268
267
266
265
264
263
262
261
260
259
258
257
254
253
252
255
256
249
248
247
244
241
240
239
238
231
232
233
234
235
236
237
246
245
243
242
2
3
279
278
4
277
276
275
274
273
272
271
16
17
18
19
20
21
128
127
126
125
124
123
122
121
120
119
157
158
159
160
175
161
162
163
164
165
166
167
168
169
101
100
99
98
93
94
95
96
97
92
91
90
89
109
108
104
103
102
170
172
173
106
105
107
174
171
188
189
190
191
192
194
195
196
197
198
199
200
201
202
203
204
205
206
207
208
209
210
211
212
213
214
215
216
217
218
219
220
221
222
223
224
225
226
227
228
229
230
251
250
280
1
5
6
7
9
8
10
11
12
13
14
15
24
23
25
22
26
27
28
29
31
32
33
34
35
36
37
38
39
40
41
42
43
60
61
118
62
63
64
65
66
67
70
71
72
73
74
75
76
77
78
79
80
81
82
83
84
85
86
116
115
114
111
110
112
88
87
113
117
59
44
45
46
47
48
49
50
51
52
53
54
55
56
57
58
68
69
30
177
176
181
182
183
184
185
187
186
193
179
180
178
151
152
156
153
155
154
129
130
131
132
133
150
149
148
147
146
145
144
143
142
141
140
139
138
137
136
135
134
