0
287
169
348
292
237
355
317
203
74
310
17
285
4
44
272
239
305
300
178
265
91
158
149
241
311
116
222
316
224
256
318
258
234
303
274
159
121
120
266
43
38
77
42
198
177
296
141
132
328
96
194
67
55
255
184
290
52
171
16
92
275
279
338
24
186
107
193
37
28
273
136
85
268
93
248
35
18
164
218
321
260
64
162
133
304
228
71
325
211
180
165
313
263
282
200
221
267
209
66
14
166
283
118
214
187
205
207
175
172
105
134
82
79
220
250
12
140
110
99
153
65
61
252
335
147
161
152
270
337
137
68
22
307
306
302
281
324
226
36
29
216
229
309
213
142
352
95
139
106
181
148
299
86
47
168
190
297
197
45
25
215
308
143
10
27
277
336
269
231
114
354
334
144
123
350
323
351
101
51
19
261
330
257
88
58
243
264
341
280
72
195
129
75
289
154
124
102
40
130
111
331
254
160
84
32
31
217
201
288
90
39
94
174
145
83
59
125
291
167
56
332
262
26
343
278
314
49
5
253
127
98
146
233
78
62
179
173
245
227
315
223
156
60
34
9
329
183
176
340
301
13
3
113
225
294
108
259
53
89
192
103
286
208
251
80
21
271
242
210
357
219
196
76
1
347
320
182
298
119
87
326
339
204
356
346
349
157
109
344
163
6
15
342
322
319
312
112
104
353
150
185
327
46
73
188
345
122
202
48
295
128
293
151
30
131
81
284
246
33
191
230
115
199
63
57
126
23
100
50
2
20
333
238
170
235
244
97
247
70
54
212
8
240
276
138
155
11
117
69
249
236
189
7
135
206
232
41
0
