0
267
83
170
284
290
283
277
341
233
324
212
88
353
263
149
347
39
336
321
289
254
223
73
366
292
343
58
8
344
23
393
360
96
94
79
62
54
181
346
189
160
3
2
61
281
161
148
258
252
371
46
361
146
144
188
173
29
180
165
187
316
120
116
332
215
309
108
351
293
230
226
390
345
299
259
387
84
327
308
394
225
90
72
71
286
74
319
373
355
115
66
60
44
331
323
400
124
1
30
245
218
349
6
141
392
255
36
234
228
57
132
306
168
125
273
350
172
26
56
5
68
183
17
279
111
369
376
287
257
217
384
383
9
295
166
67
338
374
363
204
162
48
47
112
358
317
190
138
198
285
282
395
106
359
55
11
101
10
145
59
310
216
200
224
186
53
52
401
305
37
13
205
315
239
70
34
15
278
337
397
260
322
272
356
328
107
386
365
129
247
249
100
98
64
25
27
329
294
370
274
357
381
78
382
320
265
275
147
171
63
18
372
28
229
14
69
339
203
330
31
354
342
297
105
19
266
385
199
209
41
377
313
20
75
375
191
76
143
4
142
300
362
176
156
210
152
89
117
21
235
121
379
231
288
49
296
35
80
22
51
298
291
114
389
207
45
197
325
150
261
7
250
154
196
348
122
40
352
251
118
192
119
214
237
303
398
396
256
227
270
391
185
378
269
43
12
364
219
194
380
243
340
16
326
126
276
140
213
388
280
238
77
113
221
302
334
314
399
92
318
164
271
104
81
135
93
367
99
208
178
91
33
174
163
240
220
248
131
85
153
169
159
95
368
136
307
137
157
50
206
304
301
246
155
202
402
242
158
134
184
139
262
201
97
244
42
333
253
236
128
312
175
222
232
133
264
82
130
311
102
151
109
86
127
103
167
177
123
24
182
193
268
335
110
87
179
32
211
65
241
195
38
0
