0
59
311
63
341
280
342
167
298
343
62
188
3
305
225
235
189
261
207
139
303
338
133
66
257
185
16
120
27
154
108
192
102
143
128
357
19
74
315
137
129
176
244
289
65
351
140
182
226
286
345
156
60
309
325
330
30
317
17
90
183
248
246
163
86
95
197
155
353
296
349
148
168
180
333
101
204
41
299
68
147
236
170
300
272
336
127
172
131
195
49
253
138
321
64
80
292
306
324
13
130
279
326
221
319
4
194
304
287
327
37
24
34
238
237
329
61
152
85
146
124
196
98
227
26
71
201
106
202
104
267
285
115
270
77
18
214
87
150
200
105
293
45
52
322
141
242
8
216
234
282
84
82
166
134
14
328
335
142
265
58
231
54
169
1
187
162
307
211
344
70
209
39
36
350
213
260
165
215
57
43
51
6
283
191
33
252
12
184
203
175
294
164
259
114
135
28
69
269
249
123
119
122
254
222
348
256
38
112
113
149
67
245
264
288
100
29
284
22
144
151
20
177
23
320
262
243
179
276
153
75
318
275
121
15
103
210
92
158
7
126
79
193
274
268
40
277
240
273
355
337
219
291
346
125
206
199
109
32
302
91
35
93
94
159
31
239
9
42
218
97
160
297
157
314
331
81
223
48
308
224
181
78
117
111
233
251
136
190
266
247
107
347
301
47
352
295
89
55
5
53
258
220
161
171
88
96
132
99
217
25
232
174
50
229
2
290
208
323
313
263
118
205
198
316
73
21
332
44
334
10
339
250
281
241
312
228
76
340
230
310
173
110
72
354
186
278
271
11
56
83
212
46
145
255
356
178
116
0
