0
161
119
106
218
40
2
254
175
113
236
97
80
105
199
37
18
319
112
293
207
141
198
111
57
17
117
9
239
110
67
288
69
10
305
89
51
46
83
187
205
27
22
16
125
272
277
123
24
195
94
61
147
226
225
251
258
72
266
15
271
43
47
93
183
26
23
103
29
21
11
114
231
139
217
290
235
137
35
81
191
86
118
312
5
166
44
7
188
150
210
275
274
177
96
184
127
115
77
162
310
309
84
109
215
116
58
308
156
208
134
120
315
318
148
209
237
228
34
1
28
38
263
144
201
42
257
88
54
92
124
6
250
56
287
286
298
132
122
180
216
241
31
65
206
41
234
301
136
55
95
253
223
87
233
261
59
295
242
91
232
169
78
151
146
82
140
240
291
158
33
70
79
85
220
143
60
179
297
73
219
76
221
99
214
68
238
173
3
133
314
273
265
245
45
182
14
75
20
104
62
244
213
229
200
281
280
130
264
302
138
189
292
163
212
64
155
170
289
303
142
196
316
181
168
186
306
255
284
283
52
108
48
317
276
145
252
304
32
190
157
268
307
279
320
270
313
101
149
30
311
248
269
193
249
197
153
267
246
322
299
128
247
152
126
296
178
256
100
243
66
160
172
285
278
102
230
50
185
167
300
135
131
321
98
19
107
203
13
227
224
121
176
74
4
63
53
204
282
211
194
192
90
129
159
171
259
294
174
202
165
36
39
25
262
154
164
12
222
71
49
260
8
0
