1
126
117
37
84
153
154
159
160
158
157
152
89
42
88
142
82
145
83
92
34
78
147
155
150
149
22
80
94
53
96
47
85
36
81
148
156
87
38
71
151
39
72
144
40
77
90
45
93
43
95
49
99
54
100
30
79
15
76
141
63
109
56
86
50
103
48
75
143
66
146
65
106
51
112
58
101
46
73
124
52
97
60
140
61
139
62
138
55
121
57
98
64
28
74
27
68
6
133
59
110
129
70
107
44
91
33
102
41
114
69
115
35
108
67
113
26
111
29
105
32
134
104
31
116
9
125
24
7
137
25
14
130
23
132
21
136
20
16
131
12
119
18
120
19
135
118
8
11
17
128
13
123
10
4
2
127
122
5
3
1
