1
172
171
166
164
163
162
174
175
161
160
159
158
119
120
121
122
155
153
156
177
178
152
151
150
180
176
181
182
184
185
187
189
188
165
186
190
191
192
196
197
194
195
201
202
200
199
145
198
193
144
147
146
143
141
140
267
265
266
138
149
139
142
148
136
137
268
135
134
270
269
264
263
262
261
260
258
256
254
208
209
253
255
252
249
250
251
230
229
228
226
227
225
224
223
219
217
220
216
213
212
214
215
218
222
221
204
205
206
207
211
210
99
100
101
102
92
104
91
93
94
96
97
95
109
108
111
112
88
82
81
80
90
103
170
169
107
106
173
105
11
12
13
14
24
23
25
21
20
131
130
129
128
126
127
125
124
123
157
40
41
42
43
44
59
57
58
45
56
55
46
47
53
54
48
51
50
49
52
15
273
274
275
276
9
8
7
6
5
277
4
280
3
279
278
248
245
244
241
243
242
240
246
231
238
239
236
233
232
237
234
235
167
168
67
70
71
72
73
77
78
75
74
79
76
83
113
116
115
117
61
118
62
63
64
85
65
66
68
69
257
272
271
16
17
18
133
132
19
86
87
84
114
110
27
28
29
32
31
33
30
34
39
38
35
37
36
10
22
26
259
60
154
89
183
203
179
2
247
98
1
