0
38
2
26
111
185
78
82
28
54
42
221
92
302
35
133
242
67
251
113
145
223
47
263
22
180
10
173
85
6
132
23
129
131
258
225
20
269
299
295
286
314
309
312
282
178
135
34
253
56
229
76
313
95
319
195
148
278
289
99
300
266
58
140
246
283
68
30
71
11
128
170
305
62
227
298
209
123
276
46
126
69
12
50
51
158
108
9
147
117
1
311
273
37
65
18
161
15
88
53
233
174
218
93
154
206
297
265
183
264
261
219
102
77
262
98
316
232
43
199
287
144
120
116
31
97
224
215
104
7
72
48
235
91
243
254
275
166
61
241
260
192
244
271
60
137
70
203
234
75
196
270
124
198
121
179
239
277
152
66
197
17
107
25
146
281
320
308
187
205
213
230
149
210
32
172
301
150
106
36
237
220
13
105
231
193
296
194
211
291
96
109
257
279
151
153
159
249
294
110
139
118
252
64
45
202
293
141
284
119
240
84
8
114
100
21
90
182
181
52
81
250
304
101
228
160
190
318
280
19
267
24
29
306
80
272
143
315
83
168
130
290
122
303
259
112
322
44
49
217
5
33
163
171
125
169
307
188
103
39
212
27
57
226
248
317
134
208
63
216
165
164
167
204
176
16
127
285
200
155
222
73
310
94
136
256
14
40
79
74
177
3
274
214
189
184
142
191
162
236
59
186
41
245
89
255
138
115
268
288
87
156
207
238
201
86
55
321
157
292
247
175
4
0
