0
198
177
150
331
231
148
166
17
120
77
42
103
37
326
273
283
347
291
239
305
226
167
145
242
207
263
282
274
132
171
96
256
318
241
311
270
337
323
336
269
194
67
95
266
43
38
88
58
261
330
243
156
60
321
329
253
10
27
334
153
65
53
264
341
280
159
121
285
59
44
272
49
63
137
187
205
279
338
16
203
74
245
228
71
251
157
26
343
287
222
316
224
89
192
248
220
250
12
158
149
40
161
152
290
34
9
116
139
106
306
351
304
225
11
147
68
124
79
136
85
317
169
348
292
142
312
101
229
309
168
255
265
91
93
340
200
190
297
197
219
196
193
130
111
299
178
184
223
35
18
164
218
216
252
335
84
32
31
80
288
237
355
105
174
56
182
180
47
214
140
110
99
217
201
61
45
25
215
308
209
52
328
277
302
281
324
210
176
354
325
211
258
129
75
94
127
98
62
154
22
146
227
315
183
213
134
82
259
260
64
36
29
350
181
114
271
55
254
160
268
175
172
143
339
332
300
221
303
301
141
162
133
83
179
173
310
90
39
28
24
76
1
313
92
275
195
234
267
314
138
320
186
346
257
286
208
4
125
289
144
123
278
119
86
165
51
19
319
233
78
342
13
3
307
262
352
118
113
108
102
109
66
14
112
72
296
349
327
107
126
202
163
6
15
284
357
356
128
151
295
199
345
50
73
87
115
344
232
353
298
238
204
46
170
189
122
135
322
33
69
185
54
212
191
240
230
333
246
81
7
276
188
206
294
293
30
8
97
104
236
21
155
247
20
235
2
100
57
41
5
117
131
249
48
23
70
244
0
