0
61
224
131
319
83
187
170
115
77
107
18
105
97
84
52
108
106
103
125
279
127
72
266
15
271
62
40
2
153
267
263
285
300
54
53
114
304
303
34
126
205
110
67
257
29
21
320
112
70
169
59
50
305
27
22
16
113
109
215
116
58
183
89
51
46
119
104
43
86
227
101
133
17
111
57
143
123
24
92
47
192
213
117
259
88
282
209
237
79
124
6
10
185
128
313
242
76
233
20
87
165
14
226
283
44
7
241
31
65
45
26
287
286
148
195
80
298
146
69
295
232
268
41
296
102
199
73
278
78
159
166
38
154
262
152
1
35
90
42
197
261
60
172
198
68
160
137
91
202
66
94
98
23
280
250
56
64
161
37
118
260
134
96
322
11
120
121
157
156
208
200
95
288
99
190
122
214
5
216
32
139
217
158
3
210
275
274
207
141
301
136
177
33
318
276
147
235
182
239
85
219
82
223
150
229
175
309
129
314
308
191
312
151
218
230
132
221
173
201
297
265
30
28
225
251
258
9
240
291
290
142
138
273
145
302
196
316
19
299
311
294
254
55
93
168
222
48
246
162
255
236
193
63
228
174
180
81
292
100
264
189
306
289
249
71
206
194
212
269
244
211
317
13
231
234
277
307
75
188
178
12
140
135
144
293
256
220
164
176
171
252
203
25
253
149
281
8
315
245
155
74
243
181
270
272
247
284
248
163
310
238
179
167
4
321
184
130
36
186
204
39
49
0
