0
39
305
272
45
25
12
186
107
94
225
294
120
266
43
38
139
106
207
283
347
288
10
27
168
229
309
96
130
349
195
134
82
290
203
73
280
194
67
95
231
171
273
264
341
62
153
65
213
77
42
248
220
250
215
338
251
228
71
53
34
9
166
161
152
64
37
326
314
52
328
334
256
318
226
136
85
268
237
355
269
177
150
141
156
60
164
218
321
329
55
142
109
61
59
44
40
222
316
224
263
282
200
86
47
337
137
169
348
292
129
75
209
234
303
274
187
205
258
174
145
15
284
6
246
81
188
285
255
265
306
336
147
132
148
254
160
317
227
315
245
35
18
260
146
239
69
21
78
97
208
63
5
297
304
162
133
116
252
335
105
66
14
190
124
197
158
149
241
311
223
159
121
13
3
26
343
313
51
19
267
212
22
92
275
192
198
127
98
32
31
217
201
154
103
140
110
99
178
184
79
72
172
253
167
56
356
331
4
125
296
216
36
29
214
235
202
58
257
89
191
204
100
1
102
300
221
199
91
233
131
310
48
196
289
119
244
243
179
173
324
323
302
281
340
301
33
176
123
299
126
293
24
144
211
181
114
104
308
54
185
101
80
307
262
332
180
165
20
84
344
83
76
7
327
230
182
279
46
183
108
259
352
270
193
122
242
210
319
261
330
50
325
350
16
339
276
342
287
128
30
68
143
49
88
118
351
87
291
93
28
277
219
249
115
189
113
247
111
170
157
238
206
2
57
135
333
175
23
8
271
312
112
70
151
320
295
240
74
354
163
11
90
286
357
17
232
138
278
117
298
155
353
41
322
236
346
345
0
