0
165
86
398
302
18
57
377
29
224
297
42
400
337
198
122
344
71
401
39
119
369
48
94
338
66
114
189
14
363
62
134
10
3
245
393
269
252
287
339
376
197
1
116
74
310
278
69
28
96
68
211
267
394
282
309
45
143
67
284
225
203
41
353
215
340
312
35
296
21
273
148
59
299
26
359
200
300
55
260
37
303
323
349
156
306
118
384
64
187
256
160
232
258
399
227
120
199
30
255
172
11
72
12
355
259
341
145
264
212
40
364
4
22
286
271
60
343
334
348
173
246
223
20
27
144
294
5
263
290
321
389
315
31
54
154
392
292
36
77
239
51
289
342
356
358
249
44
8
361
98
142
146
346
191
295
279
84
56
329
298
70
16
231
347
214
222
275
163
365
367
362
371
325
89
382
99
378
91
138
136
305
326
15
106
76
228
101
80
277
7
168
236
127
381
75
19
132
34
219
210
25
49
291
117
182
220
247
368
261
230
333
43
208
304
78
183
352
288
242
9
87
93
327
335
13
177
383
266
250
205
380
229
218
102
169
360
181
320
318
50
158
390
351
17
276
38
216
149
110
159
192
109
209
319
23
141
100
52
166
372
129
217
190
185
314
332
324
370
73
63
386
47
108
147
167
194
373
103
188
155
385
226
126
85
388
379
235
243
133
293
131
97
285
124
111
345
396
262
366
65
161
283
125
58
265
202
354
248
204
130
82
237
270
251
88
402
253
317
83
301
268
92
135
105
128
113
213
316
137
180
33
61
6
139
157
2
308
153
53
186
331
195
81
179
336
233
201
234
221
387
176
206
193
150
95
32
322
357
254
162
115
123
164
330
313
174
257
311
241
175
79
90
151
280
196
140
207
281
104
350
178
240
46
24
121
171
375
391
244
170
374
184
395
307
238
274
107
152
397
328
112
272
0
