0
128
151
120
311
28
320
273
22
131
242
286
283
147
318
80
133
277
35
30
258
119
13
294
113
302
309
112
18
187
148
50
282
161
173
298
58
100
305
62
6
152
224
43
32
61
15
172
246
223
185
183
299
87
313
312
145
278
129
54
259
20
11
93
254
46
105
78
96
226
72
170
174
97
237
265
225
232
296
67
140
149
10
300
3
92
253
1
209
38
263
98
126
26
53
316
125
40
153
190
269
287
115
251
17
222
102
21
193
33
71
236
266
146
243
76
178
77
227
89
267
85
9
16
257
314
103
25
65
271
289
261
160
260
188
84
180
262
56
106
297
201
198
75
200
290
64
48
144
82
219
199
220
143
31
108
295
42
155
213
2
218
114
210
189
135
154
51
39
182
230
216
59
211
138
250
23
281
123
118
19
24
197
104
284
5
235
307
116
319
249
150
229
68
90
57
136
139
270
181
304
111
36
52
109
301
83
241
195
196
101
205
240
234
99
203
310
94
274
34
142
45
7
244
176
12
288
215
221
164
167
14
206
276
69
130
291
275
192
127
137
166
86
279
317
124
233
70
121
272
179
293
110
49
255
91
55
165
95
8
303
88
204
158
217
107
264
231
29
214
162
184
168
141
122
175
285
308
117
74
169
239
41
292
37
256
202
60
157
248
238
44
79
322
73
228
159
132
247
47
177
163
252
194
27
321
280
66
207
191
171
315
268
245
208
212
306
186
134
63
81
4
156
0
