99
199
203
384
89
143
118
261
87
80
10
55
59
76
310
23
62
247
13
288
36
305
60
227
243
54
309
319
344
354
346
48
322
61
386
328
2
46
400
57
71
122
263
198
224
266
297
337
377
398
53
24
249
256
120
15
68
66
37
144
94
114
393
189
338
352
401
32
112
358
47
274
270
19
33
165
187
6
29
52
39
73
115
14
225
168
214
40
119
18
216
22
28
11
101
27
3
83
17
5
56
394
69
287
44
8
38
391
31
42
245
96
353
1
267
98
148
156
100
138
43
9
295
192
269
30
359
376
369
0
355
50
260
35
12
277
58
396
147
399
64
116
284
348
204
339
4
21
341
334
340
45
75
41
25
365
278
65
34
84
210
223
77
258
282
325
292
279
321
290
371
390
72
78
275
205
291
329
26
67
79
356
107
257
363
343
303
81
200
82
351
121
272
7
392
255
212
368
20
146
306
103
63
104
197
145
51
273
219
281
16
293
378
102
294
226
320
185
300
296
347
105
330
289
250
362
276
74
88
90
323
91
383
389
95
173
97
117
215
92
229
93
70
349
86
342
85
324
317
113
380
327
350
357
370
395
271
154
191
106
108
315
259
298
228
109
326
381
382
280
49
299
379
110
111
123
124
125
126
127
128
129
130
131
132
133
134
135
136
137
139
140
141
142
149
150
151
152
153
155
157
158
159
160
161
162
163
164
166
167
169
170
171
172
174
175
176
177
178
179
180
181
182
183
184
186
188
385
387
388
262
264
265
268
397
402
360
361
283
285
286
301
302
304
307
308
311
312
313
314
316
190
318
193
194
195
196
201
202
331
332
333
206
207
335
208
336
209
211
213
217
345
218
220
221
222
375
230
231
232
233
234
235
236
364
237
238
366
239
367
240
241
242
244
372
373
246
374
248
251
252
253
254
99
