0
267
111
337
297
263
41
310
66
11
221
39
101
352
189
114
71
21
354
48
96
94
401
119
69
296
269
359
51
76
353
376
225
200
68
199
340
393
56
273
59
75
62
392
254
45
153
5
237
284
148
245
365
399
287
369
187
95
34
15
29
197
278
7
125
55
384
383
4
336
1
61
394
28
331
118
40
173
165
17
222
228
10
127
299
49
144
37
20
377
90
83
8
194
72
117
282
261
355
235
334
277
82
279
215
14
367
339
363
323
356
306
186
3
293
74
26
268
289
122
260
67
300
167
380
30
397
191
115
204
379
239
116
104
335
321
120
346
156
276
223
231
348
371
256
372
53
57
275
271
16
151
292
64
227
65
18
108
347
19
198
229
389
183
328
22
332
305
6
177
102
42
325
91
259
230
147
338
362
25
136
342
345
23
38
182
27
374
382
205
294
315
13
171
303
126
291
398
357
378
343
157
124
318
290
233
85
178
396
143
351
288
203
145
84
98
9
208
31
174
238
103
146
280
283
253
190
219
390
212
249
266
210
80
320
368
258
329
81
54
70
247
63
264
36
129
141
35
252
77
322
385
106
302
169
73
281
162
298
285
180
246
138
140
60
160
349
88
52
195
166
107
89
236
220
79
316
226
301
326
295
139
105
262
327
214
131
248
133
78
270
159
360
132
184
100
168
395
32
24
149
201
350
192
314
242
161
93
92
232
109
311
185
142
99
244
250
361
97
400
366
43
309
33
341
308
12
181
240
274
175
243
176
179
381
130
128
164
313
373
217
255
46
50
216
307
44
211
344
209
272
196
386
213
370
251
123
388
333
112
163
154
172
86
58
110
234
137
265
150
319
330
358
324
402
170
158
113
304
202
134
391
317
193
152
387
286
257
87
2
121
375
207
135
224
364
188
155
47
218
312
206
241
0
