1
4
7
129
108
56
153
159
160
156
158
157
155
152
154
149
67
150
69
151
60
148
65
146
62
145
59
147
64
144
66
142
61
97
47
82
35
85
51
92
45
83
32
101
50
96
48
88
40
84
39
79
38
77
29
104
57
99
52
90
49
91
46
87
43
89
42
80
41
81
36
78
37
76
143
70
30
75
33
74
34
71
26
95
44
93
55
105
53
94
21
72
141
68
54
111
58
110
27
73
28
107
24
98
22
63
123
3
128
86
17
132
31
102
133
25
100
18
106
5
11
135
103
16
126
20
109
140
9
6
131
23
112
12
136
139
13
19
14
124
15
113
137
114
8
2
130
127
10
134
138
118
121
117
119
122
120
125
116
115
1
