163
268
231
315
86
144
151
274
256
302
32
45
17
56
181
180
236
1
61
210
223
318
57
20
43
62
92
147
281
26
194
63
157
245
234
109
12
107
319
103
132
143
146
150
101
224
131
18
53
105
251
51
185
128
15
22
24
67
202
14
142
52
9
21
75
28
173
201
218
265
280
19
219
261
273
27
178
289
121
55
275
23
29
237
247
126
170
286
269
127
225
104
242
283
309
312
64
33
54
118
258
145
148
34
90
227
11
161
195
209
270
211
133
5
172
137
297
314
248
48
307
47
294
183
278
129
140
158
174
139
81
214
58
313
42
2
153
267
263
285
154
262
300
6
98
282
13
30
10
46
287
40
7
71
93
232
16
298
41
135
50
305
308
252
31
241
138
271
37
229
212
276
38
100
197
192
213
266
311
295
102
320
188
35
152
205
246
171
162
4
79
317
259
316
189
264
230
260
97
25
206
36
221
39
249
106
69
72
73
76
165
198
8
203
293
136
141
303
291
240
304
216
239
222
65
182
257
74
190
243
84
301
272
288
204
85
215
155
290
322
253
83
167
199
149
296
299
254
168
77
108
193
134
220
59
284
60
159
166
250
68
160
233
78
164
176
196
49
226
87
244
235
310
88
89
130
156
186
321
279
292
184
169
217
255
175
177
306
191
200
207
208
91
228
70
277
238
44
0
99
110
111
112
113
114
115
116
117
119
120
122
123
66
96
179
82
187
80
3
94
95
124
125
163
