1
157
30
66
65
3
110
40
99
16
94
147
91
114
107
139
98
95
10
21
88
132
80
144
19
153
155
149
78
5
120
4
123
27
18
112
130
102
70
85
53
156
36
104
33
117
90
96
50
62
152
8
136
122
97
158
111
35
43
137
63
75
60
84
46
87
7
31
64
113
146
47
131
55
73
141
59
127
48
45
24
15
77
71
58
28
74
100
12
69
148
37
67
2
14
93
86
101
92
118
116
38
72
42
57
54
119
68
25
41
20
103
134
39
9
124
44
128
32
76
29
11
159
17
133
52
135
115
106
142
145
154
105
109
22
150
121
82
138
83
81
89
56
125
26
126
160
140
79
49
108
143
6
61
23
151
34
51
129
13
1
