0
18
273
334
213
336
351
241
82
291
287
282
83
27
288
313
72
10
251
302
314
99
136
47
102
24
197
87
304
277
211
96
333
88
350
135
69
58
249
285
341
159
298
106
5
1
61
307
104
200
123
151
13
190
57
120
357
193
110
97
266
208
138
181
19
14
199
45
78
210
145
195
166
196
242
188
250
330
186
21
157
29
68
305
299
2
326
67
225
165
38
286
309
244
39
76
323
297
53
22
289
322
118
31
113
178
6
271
338
172
347
215
171
187
7
100
162
51
257
75
133
62
33
50
46
84
332
300
281
354
60
312
318
167
331
28
142
94
115
160
343
124
74
355
25
73
205
121
346
192
98
49
227
267
256
125
36
127
220
114
247
268
278
147
168
43
352
20
180
42
353
32
262
226
258
122
130
149
316
131
274
81
137
236
54
317
269
52
293
63
150
276
328
182
8
12
9
158
344
128
294
35
93
30
209
70
109
71
296
221
40
284
235
246
342
44
212
175
238
248
23
170
230
148
11
280
163
201
356
239
132
185
15
327
295
204
156
55
59
310
232
92
108
224
161
101
107
243
279
255
41
339
306
119
48
56
217
325
308
179
231
90
340
303
3
177
169
173
91
189
292
16
202
265
140
237
260
66
228
144
194
335
319
264
126
283
261
85
275
17
337
146
229
139
259
198
222
155
301
349
219
105
4
176
65
270
348
254
311
203
79
321
252
112
240
174
95
324
134
272
143
207
320
103
116
216
37
77
223
253
26
191
141
89
80
206
129
117
233
34
152
345
245
263
111
315
218
184
153
234
86
64
214
329
290
154
164
183
0
