136
350
6
29
52
39
73
115
14
225
168
214
40
119
18
216
22
28
11
101
10
55
59
76
310
23
62
247
36
305
60
227
243
54
309
319
344
354
346
48
322
61
386
328
2
46
400
57
71
122
263
198
224
266
297
337
377
398
53
24
249
13
288
256
120
15
68
66
37
144
94
114
393
189
338
341
352
401
32
112
358
47
274
270
19
38
391
156
31
42
287
44
17
5
56
394
69
1
267
98
8
43
9
295
96
353
50
260
35
12
148
205
290
192
269
30
359
187
284
348
204
339
376
369
165
340
245
277
64
116
396
147
399
65
34
84
154
191
4
355
77
210
334
0
21
223
79
72
81
200
82
351
325
282
390
292
279
321
291
329
26
67
85
70
349
86
75
27
3
83
271
258
45
392
255
289
185
347
105
330
315
250
296
145
49
74
92
229
93
197
203
384
89
143
365
278
78
275
212
371
121
107
257
356
272
363
343
303
87
80
7
51
273
219
281
16
293
378
91
383
389
41
25
146
306
104
199
298
63
106
323
108
228
109
326
320
276
215
99
300
259
368
20
118
261
88
90
110
382
100
138
58
33
183
184
186
188
379
173
97
117
299
362
294
280
381
226
317
342
95
126
127
128
129
130
131
132
133
134
135
380
327
113
265
268
397
402
360
361
283
285
286
301
302
304
307
308
311
312
313
314
316
190
318
193
194
195
324
357
370
395
111
123
124
125
207
335
208
336
209
211
213
217
345
218
220
221
222
375
230
231
232
233
234
235
236
364
237
238
366
239
367
240
241
242
244
372
373
246
374
248
251
252
253
254
182
142
149
150
151
152
153
155
157
158
159
160
161
162
163
164
166
167
169
170
171
172
174
175
176
177
178
179
180
181
137
139
140
141
387
388
262
264
333
206
332
102
103
201
202
331
385
196
136
