0
74
273
35
143
99
108
244
77
231
161
89
321
28
75
239
246
217
65
261
27
209
71
127
54
263
4
6
215
314
59
165
81
322
33
258
88
312
201
235
219
80
115
272
191
119
180
103
278
189
243
104
234
220
151
67
194
208
241
97
109
31
257
47
200
19
152
73
57
128
90
135
253
167
260
306
296
318
44
154
227
172
230
66
91
123
192
171
259
286
308
100
56
121
63
292
16
214
144
303
83
137
242
60
61
251
147
266
250
126
117
45
176
64
307
46
72
24
3
140
114
181
53
15
142
166
148
122
315
274
298
285
210
41
129
1
218
94
305
252
211
51
196
13
178
40
132
133
293
58
297
5
39
155
275
48
267
276
29
302
187
238
164
212
82
237
245
153
225
206
320
112
284
145
265
84
168
96
55
8
281
248
158
175
300
116
69
18
156
202
169
254
193
87
198
20
113
279
85
282
17
120
86
98
14
190
125
22
106
290
157
271
311
205
204
174
249
93
264
216
9
195
111
34
313
316
146
159
139
163
301
240
78
233
236
141
179
11
21
277
131
294
70
222
10
173
162
319
309
280
289
7
50
76
304
262
183
199
107
270
287
79
2
68
203
283
188
149
256
118
38
102
221
232
52
207
228
36
42
170
105
229
317
224
269
182
185
150
247
23
92
134
37
95
177
138
62
30
110
197
186
101
25
136
43
12
130
255
310
160
226
288
26
213
184
223
49
32
299
124
268
295
291
0
