0
120
231
4
282
137
130
83
302
287
325
288
323
27
291
313
159
165
40
18
314
16
199
304
194
256
197
58
47
102
87
221
249
166
99
333
168
336
69
42
341
53
279
298
357
350
135
309
9
148
123
190
50
285
242
240
13
267
211
39
239
134
209
303
272
187
25
195
328
196
31
106
14
224
305
1
114
124
172
7
131
208
286
203
67
206
254
8
63
226
21
145
283
193
248
247
277
6
205
192
281
219
327
342
26
15
171
61
347
182
112
2
104
307
81
43
94
271
275
232
73
326
28
156
110
339
133
118
178
346
121
332
202
33
29
20
100
91
278
32
316
188
160
185
246
5
330
322
243
268
103
284
17
297
98
56
97
22
57
152
229
353
107
74
258
189
293
141
115
174
294
113
19
300
295
105
344
78
101
153
12
143
90
170
30
3
338
125
308
355
38
181
46
263
84
75
54
261
151
289
204
23
262
270
252
34
147
311
250
280
136
207
191
155
251
201
238
237
306
317
157
167
76
62
244
48
269
312
11
177
24
348
60
210
257
183
212
186
51
122
351
236
331
230
235
354
180
79
68
179
343
71
301
132
158
140
144
49
318
59
161
345
259
52
310
273
77
66
225
319
138
200
127
340
296
117
82
217
109
198
80
227
126
45
321
55
154
176
35
220
214
44
128
163
320
96
334
129
162
356
352
266
299
184
65
234
10
276
222
36
215
150
72
146
173
92
89
149
142
228
175
255
95
37
216
64
85
274
70
169
41
139
93
245
88
116
218
315
264
290
265
349
213
111
324
233
260
337
223
329
253
241
292
108
86
164
335
119
0
