1
129
126
123
120
117
114
111
108
105
102
99
96
93
90
87
84
81
78
75
72
69
66
63
60
57
54
51
48
45
42
39
36
33
30
27
24
21
18
15
12
9
6
3
128
131
125
122
119
116
113
110
107
104
101
98
95
92
89
86
83
80
77
74
71
68
65
62
59
56
53
50
47
44
41
38
35
32
29
26
23
20
17
14
11
8
5
2
127
124
121
118
115
112
109
106
103
100
97
94
91
88
85
82
79
76
73
70
67
64
61
58
55
52
49
46
43
40
37
34
31
28
25
22
19
16
13
10
7
4
134
137
140
143
146
149
152
155
158
160
159
156
153
150
147
144
141
138
135
130
157
154
151
148
145
142
139
136
133
132
1
