1
172
171
115
51
174
239
236
224
18
105
19
178
32
234
154
229
242
270
79
254
86
235
121
24
120
167
209
158
40
130
252
16
85
92
173
259
276
6
164
218
187
240
199
37
261
241
226
148
7
131
72
98
45
267
205
227
184
181
69
76
255
52
12
212
83
143
25
237
230
27
213
81
260
134
162
180
126
141
11
192
77
210
258
160
186
8
177
159
23
109
150
107
54
193
277
182
166
103
20
262
142
249
137
30
271
185
102
99
228
151
28
222
43
220
188
125
127
10
64
189
140
13
67
197
123
29
238
38
9
5
273
168
138
175
272
219
136
59
176
223
31
191
155
124
163
94
190
4
26
207
256
194
251
203
179
104
34
113
253
139
39
214
96
15
279
58
202
152
88
46
44
195
201
61
100
62
101
129
75
165
3
221
116
264
55
274
215
225
49
14
60
73
82
132
114
133
53
246
156
265
80
248
91
42
269
112
78
200
145
128
263
17
275
2
170
108
36
21
147
233
95
216
266
196
244
71
211
278
146
149
161
111
183
119
47
56
144
204
57
122
90
153
208
206
110
84
87
93
257
245
247
232
48
35
268
135
74
97
243
117
50
198
250
68
106
66
70
157
231
22
41
217
280
169
65
63
33
89
118
1
