0
393
105
19
198
304
394
225
331
323
344
254
223
168
92
347
352
217
384
383
349
6
166
67
189
149
51
259
388
348
343
163
3
2
61
317
345
299
49
215
52
401
305
37
13
205
315
285
282
350
132
306
319
283
277
341
181
346
94
213
278
224
188
173
29
230
226
154
58
8
309
186
53
400
220
197
295
141
116
252
371
327
265
275
210
77
31
73
397
5
395
336
292
290
104
84
293
233
380
362
88
353
263
108
351
257
332
296
44
313
7
320
180
165
337
150
203
144
262
261
245
367
310
354
342
377
167
36
171
63
18
90
72
297
23
14
62
54
316
120
392
289
43
34
46
372
356
47
112
381
251
274
272
41
21
268
212
190
138
122
119
216
200
71
218
9
12
169
27
57
234
228
266
302
118
187
286
74
214
192
114
96
338
161
148
390
375
191
236
227
374
363
379
152
76
207
45
98
160
365
68
125
273
370
322
281
174
250
39
222
185
298
291
204
239
117
176
156
325
385
199
279
333
267
357
328
107
386
387
145
361
146
151
11
201
89
258
221
300
178
100
86
101
153
75
271
83
307
143
135
270
172
26
124
1
170
284
329
294
95
55
183
17
235
121
33
376
126
10
82
247
147
64
25
206
30
242
70
106
359
162
48
308
260
373
355
115
66
60
159
20
378
398
396
244
80
402
287
78
382
391
312
35
330
99
389
87
56
209
28
301
311
360
69
164
364
303
238
229
24
194
324
113
81
22
184
4
314
59
50
399
240
219
111
369
276
358
248
93
40
155
79
139
231
134
288
366
321
280
158
269
137
32
128
255
131
241
256
264
326
249
334
103
368
175
179
16
42
110
142
15
157
339
243
208
65
136
91
85
127
196
211
232
195
133
246
130
335
38
182
318
193
140
340
123
202
109
102
253
237
97
177
129
0
