1
141
150
151
158
120
153
178
139
143
148
140
268
138
149
266
179
264
177
152
142
144
135
137
161
174
181
115
107
87
111
173
182
175
157
205
110
160
159
258
172
121
114
180
155
134
156
176
118
86
270
136
145
252
119
206
117
147
146
262
208
267
183
122
280
196
154
210
272
106
171
249
59
131
265
273
255
269
123
200
263
125
63
42
260
8
203
256
76
199
132
207
44
65
198
130
162
40
47
17
277
129
261
45
201
41
88
81
202
89
73
113
186
213
104
64
254
259
133
43
91
124
55
83
71
237
128
253
52
18
102
271
20
25
187
184
197
58
214
127
16
19
108
126
21
60
105
164
194
185
193
274
48
204
79
195
49
36
30
84
98
4
242
189
61
46
10
250
62
257
170
241
31
6
82
216
57
35
112
7
279
15
248
191
236
33
163
29
247
211
188
217
192
85
209
220
226
23
230
53
28
14
168
251
275
34
32
166
13
24
231
245
228
190
22
165
39
227
27
219
92
9
67
215
3
224
80
68
276
75
229
50
212
109
246
54
101
26
167
234
218
90
221
223
100
103
37
12
11
78
38
238
169
240
233
116
244
2
278
232
5
225
222
99
235
69
56
94
70
96
239
72
93
51
77
66
74
95
97
243
1
