1
280
2
3
279
278
4
277
276
275
274
273
272
271
16
17
18
19
132
131
130
21
128
127
126
125
124
123
122
121
120
119
157
158
159
160
175
161
162
163
164
165
166
167
168
169
170
171
172
173
106
105
104
103
102
101
100
99
98
97
94
93
92
91
90
109
108
110
111
112
88
83
82
81
80
79
76
75
77
78
95
96
85
86
116
115
117
118
61
60
43
42
41
40
39
38
37
36
35
34
33
31
30
29
28
27
26
22
25
23
24
14
13
12
11
10
8
9
7
6
5
259
258
257
254
253
252
209
208
207
210
211
212
213
216
215
214
218
219
220
217
221
222
223
224
225
226
227
228
229
230
251
250
247
244
241
240
239
246
245
231
232
233
236
237
238
235
234
255
256
249
248
243
242
260
261
262
263
264
265
266
140
139
138
137
267
268
269
135
134
270
136
147
146
145
144
200
201
196
197
194
195
198
199
202
203
204
205
206
142
143
141
148
149
150
178
151
152
156
153
155
154
129
20
133
177
176
181
180
179
182
183
184
185
187
186
190
189
188
191
192
193
89
113
87
84
65
64
63
62
59
44
45
46
47
48
49
52
53
54
55
56
57
58
68
67
70
71
72
73
74
114
107
174
66
69
50
51
32
15
1
